11111110000000010000000100010011
00000000100000010010111000100011
00000010000000010000010000010011
00000000000000000010011110000111
11111110111101000010011000100111
00000000010000000010011110000111
11111110111101000010010000100111
11111110110001000010011100000111
11111110100001000010011110000111
00000000111101110111011111010011
11111110111101000010001000100111
00000000000000000000011110010011
00000000000001111000010100010011
00000001110000010010010000000011
00000010000000010000000100010011
00000000000000001000000001100111